29.2880
29.3132
29.3538
29.3683
29.3366
29.3159
29.2800
29.1645
29.1072
29.0199
29.0003
28.9575
28.8860
28.8843
28.8973
28.8597
28.8888
28.9069
28.8481
28.8501
28.9682
28.9882
29.0347
29.0267
29.1126
29.1405
29.1993
29.2782
29.2776
29.2689
29.3258
29.3839
29.3724
29.4326
29.3973
29.3549
29.3968
29.3974
29.3970
29.3375
29.2517
29.2099
29.0687
28.9698
28.8790
28.8577
28.7633
28.7574
28.7423
28.7664
28.7838
28.7968
28.7680
28.7977
28.8696
28.9178
28.9396
29.0189
29.0709
29.1487
29.1847
29.2356
29.2801
29.3303
29.3389
29.4065
29.4140
29.4616
29.4428
29.4869
29.5004
29.4987
29.5453
29.4983
29.4629
29.4475
29.3098
29.2186
29.0942
29.0082
29.0086
28.9345
28.8509
28.8417
28.8801
28.8046
28.8615
28.8589
28.8124
28.8137
28.8202
28.8191
28.8188
28.7831
28.7867
28.7844
28.7177
28.6343
28.5301
28.4767
28.3828
28.2808
28.1750
28.2096
28.1006
28.0722
28.0422
27.9899
27.9966
27.9681
27.9769
27.9281
27.9498
27.9432
27.9419
27.9737
28.0605
28.1147
28.1593
28.2423
28.3180
28.3852
28.4762
28.5718
28.5929
28.6131
28.7288
28.7807
28.8197
28.8706
28.9120
28.9101
28.9851
28.9918
29.0594
29.0719
29.0514
29.0641
29.1274
29.1180
29.0618
29.0792
29.0545
29.0640
28.9995
28.8770
28.8109
28.6977
28.6735
28.6539
28.5488
28.5569
28.5803
28.5364
28.5385
28.5601
28.5688
28.5916
28.6540
28.6543
28.7527
28.7639
28.8263
28.8957
28.9129
28.9644
28.9966
29.0667
29.1215
29.1330
29.1275
29.2028
29.2198
29.1975
29.2245
29.2023
29.2163
29.1835
29.1761
29.1553
28.9671
28.9006
28.8161
28.6869
28.4724
28.4679
28.4253
28.3547
28.3287
28.2726
28.3193
28.3549
28.2795
28.3573
28.3783
28.4415
28.4923
28.5113
